0.812833
0.024103
0.548023
0.778856
0.724817
1.008494
0.686866
0.707441
0.139262
0.524065
-1.165984
-0.721890
0.475651
-0.473241
0.391332
0.974279
1.585563
0.916116
0.291984
0.791401
0.296430
0.316877
-0.481219
0.093594
0.485427
0.021096
0.003372
0.315449
0.112648
0.415066
0.112492
-0.401266
0.324429
-0.024219
0.856195
0.470200
0.113034
0.402823
-0.118426
-0.012983
1.019560
-0.138946
-0.164235
4.344903
6.769249
0.601503
0.375788
-0.074633
0.112227
0.820613
0.757927
0.835540
0.752633
0.267496
0.615065
0.072243
0.312949
0.714148
0.172621
1.016479
0.710619
1.068522
0.689722
-0.094606
1.048415
0.381222
0.186652
0.109451
-0.167651
0.553577
0.146167
0.036643
0.406074
0.138242
0.183597
-0.047482
0.138691
0.670493
0.071877
0.077145
-0.083786
0.147538
0.864141
-0.017171
0.283894
0.460571
0.166258
0.070484
-0.392888
-2.000597
0.039324
0.723882
0.369765
0.483922
0.677323
0.717765
0.512172
0.247757
0.103832
-0.094811
0.668538
0.209050
0.090121
0.276308
0.412171
0.772216
0.304759
0.564402
0.835548
0.683454
0.668822
0.630922
0.432352
0.474969
0.686895
0.215431
0.053571
0.069600
0.065477
0.558872
-0.065808
0.184799
0.245524
0.007594
0.590841
0.328670
0.205401
0.027827
0.401052
0.205225
0.789887
-0.032163
0.056220
-0.518962
-3.668880
0.308443
0.439209
0.684213
0.575244
0.858565
0.947471
0.676046
0.471964
0.176019
0.229303
-0.688873
-0.784470
-0.156074
-0.272475
0.405448
1.028742
1.180445
0.923522
0.849752
1.017063
0.529585
0.486544
-0.183348
0.189790
0.764726
-0.045371
0.002962
0.245119
0.091283
0.612997
0.093281
-0.284034
0.269872
-0.121113
0.948983
0.202159
0.210167
0.228317
0.266346
-0.087457
1.172059
-0.177614
-0.115241
2.842833
6.124354
0.143200
0.667057
0.135379
0.373775
0.628980
0.643545
0.431040
0.337295
0.235880
0.048555
0.882956
0.649918
0.514926
0.239498
0.517078
0.603578
0.202770
0.453341
0.521556
0.463037
0.574216
0.545954
0.449834
0.478008
0.594232
0.305470
0.051323
0.083918
0.060660
0.398271
0.011134
0.241443
0.353660
-0.005158
0.298563
0.397224
0.163383
0.105607
0.233428
0.315449
0.489120
0.095072
0.232123
-1.458837
-1.549645
0.134433
0.675055
0.138741
0.380245
0.633551
0.643835
0.428739
0.332922
0.230343
0.041392
0.881760
0.644804
0.497690
0.243716
0.519198
0.606514
0.205316
0.451527
0.531710
0.469379
0.574226
0.545642
0.453695
0.479719
0.601494
0.307514
0.051887
0.085497
0.057470
0.397419
0.009475
0.242544
0.358033
-0.008944
0.298679
0.393627
0.164074
0.102810
0.239275
0.313725
0.493415
0.092646
0.229875
-1.455586
-1.614513
