318
0 18 0 1 2 2 3 3 2 1 0 0 0 1 5 5 5 1 0 8 6 0
1 19 1 1 4 2 0 0 2 0 1 1 1 1 5 4 4 1 9 11 10 10
1 16 1 0 2 2 1 1 1 1 0 0 1 0 5 3 4 1 12 13 11 11
0 16 0 1 2 2 0 0 1 0 1 0 1 1 4 3 3 2 2 11 11 11
1 17 1 1 2 2 1 1 2 0 0 0 0 0 4 4 4 2 8 8 8 9
1 17 1 1 3 2 2 2 2 0 0 0 1 0 4 4 4 1 2 14 16 15
1 15 1 1 4 2 3 3 1 0 0 0 1 0 2 2 4 2 0 11 11 11
0 16 0 1 3 4 3 3 3 0 0 0 1 0 3 4 5 1 4 9 10 11
1 15 1 1 1 2 0 0 2 0 0 1 1 0 4 4 4 2 2 8 9 10
1 16 1 1 2 2 1 1 1 0 1 0 1 0 1 2 2 1 6 10 11 12
1 15 1 1 4 3 2 2 1 0 0 1 1 0 4 5 5 1 6 14 13 13
1 17 1 1 2 1 1 1 1 0 1 0 1 0 5 4 5 1 15 9 7 6
0 15 0 1 3 3 2 2 1 0 1 0 1 1 4 5 4 1 4 13 12 12
1 15 1 0 2 2 1 1 1 0 1 0 1 1 4 5 2 1 0 14 14 15
1 16 1 1 1 1 0 0 1 2 0 0 1 1 4 4 4 1 0 10 10 10
0 15 0 1 1 1 1 1 2 0 1 1 1 0 4 3 3 1 1 11 10 11
0 16 1 1 1 3 3 3 2 0 1 0 0 1 4 3 3 1 11 10 11 11
0 17 1 1 3 2 3 3 2 0 1 0 1 0 4 1 2 2 0 13 14 13
0 18 1 1 3 3 1 1 1 0 0 0 1 1 4 1 3 1 1 16 16 16
1 17 1 1 2 4 2 2 1 0 1 1 1 0 5 4 2 2 0 17 18 17
0 18 1 1 2 2 0 0 2 0 0 0 1 1 5 4 5 1 0 11 12 13
0 17 1 0 1 0 3 3 2 0 0 0 1 1 4 4 5 1 1 11 9 10
1 15 1 1 4 3 0 0 2 0 1 0 1 0 5 4 3 1 0 12 12 13
1 17 1 1 4 3 2 2 1 0 1 1 1 1 4 4 3 1 0 11 12 13
1 18 1 1 4 3 1 1 1 0 1 0 1 1 3 1 2 1 2 15 15 15
1 15 0 1 2 1 2 2 1 0 0 1 1 1 5 4 2 1 4 10 9 10
1 18 0 1 1 1 0 0 3 3 1 1 1 0 5 2 5 1 6 11 10 11
1 18 1 1 4 4 0 0 1 0 1 0 1 0 4 4 4 3 0 12 11 13
1 16 1 1 4 3 1 1 1 0 1 1 1 0 4 3 5 1 2 14 14 15
1 15 1 1 2 1 2 2 3 0 1 1 1 0 5 2 2 1 0 10 12 13
0 18 0 1 2 2 0 0 1 1 1 1 1 0 2 3 3 1 3 7 6 8
0 18 1 1 3 3 3 3 2 0 1 0 1 1 4 3 2 1 6 13 12 13
1 15 1 1 4 4 2 2 1 0 1 0 1 0 3 3 3 1 2 14 14 14
1 17 1 1 4 4 0 0 2 0 1 0 1 1 4 3 3 1 4 15 14 15
1 16 1 1 2 2 1 1 2 0 1 1 1 1 3 3 3 1 15 11 11 10
0 16 0 1 4 1 3 3 1 0 0 0 1 0 4 1 2 2 0 10 11 11
1 15 1 0 3 3 2 2 1 0 0 0 1 0 4 3 3 1 10 10 10 10
1 18 1 1 2 1 0 0 3 1 0 1 0 0 4 4 5 4 4 11 10 11
0 17 0 1 1 2 0 0 2 0 0 0 1 0 3 2 2 1 0 13 13 13
1 18 1 1 3 4 0 0 1 0 1 1 1 1 5 4 4 1 4 11 12 14
0 18 1 1 1 3 0 0 1 0 0 0 0 1 4 3 3 2 0 9 10 9
0 16 0 1 1 1 3 3 4 0 1 0 1 0 4 4 3 1 2 10 9 10
1 17 0 0 3 2 1 1 1 0 1 0 1 0 4 3 3 2 0 14 14 16
1 18 1 1 2 3 0 0 1 0 1 0 1 0 4 3 3 1 0 11 12 14
0 18 0 1 2 1 3 3 2 0 0 1 1 1 4 4 3 1 0 7 7 0
1 18 1 1 4 3 0 0 1 0 1 0 1 0 4 3 2 1 2 10 10 11
0 15 0 1 1 3 2 2 3 0 1 1 1 0 4 2 4 3 2 10 11 11
1 16 1 1 2 1 0 0 4 0 0 0 1 0 3 2 1 1 4 9 9 11
1 17 1 1 2 2 0 0 1 0 0 1 1 1 3 4 1 1 2 10 11 12
1 16 1 1 4 2 0 0 1 0 1 0 1 0 4 2 3 1 2 16 15 16
0 15 0 1 1 1 3 3 1 1 1 0 1 1 4 1 3 1 6 10 10 10
0 18 1 1 4 4 1 1 1 0 1 1 0 1 5 5 5 5 2 5 6 6
0 16 0 1 1 1 1 1 1 0 1 1 1 1 4 4 4 2 2 14 14 14
1 17 1 0 4 4 1 1 2 0 1 0 1 0 4 1 4 1 2 10 13 13
1 15 1 0 3 4 0 0 1 0 1 1 1 0 5 4 4 1 0 16 16 16
1 15 1 1 2 2 1 1 1 0 1 0 1 0 4 2 2 1 8 11 12 12
0 17 0 1 1 1 2 2 3 1 1 0 1 1 5 2 1 1 0 8 8 9
1 18 0 1 2 3 2 2 1 0 0 0 1 0 3 1 3 4 13 13 14 14
0 19 1 1 3 2 0 0 2 3 0 1 1 0 3 2 1 1 4 6 11 9
1 15 1 1 4 4 0 0 1 0 1 1 1 0 4 3 3 1 0 12 13 12
0 15 0 1 1 1 0 0 2 1 1 0 1 1 4 4 3 1 4 6 7 8
0 15 1 1 3 3 0 0 2 0 1 1 1 0 4 3 3 2 11 12 10 11
0 16 1 1 2 2 0 0 1 0 1 1 1 1 4 2 5 1 0 17 16 16
1 18 1 0 3 2 0 0 1 0 1 1 1 1 4 3 3 5 10 12 11 11
1 15 1 1 4 4 0 0 1 0 1 1 1 0 5 3 3 1 2 12 13 12
1 16 1 1 3 3 1 1 1 0 1 1 1 0 5 3 3 1 4 13 14 14
0 17 1 1 4 2 0 0 2 0 1 0 1 0 4 3 3 1 0 17 18 18
1 15 1 1 3 2 1 1 2 0 1 0 1 0 4 3 5 1 15 11 10 10
0 18 0 1 3 2 0 0 3 0 0 0 1 0 4 4 1 3 4 10 11 11
1 19 1 1 4 4 1 1 1 1 1 0 1 1 3 2 5 4 5 9 10 11
0 18 0 1 2 2 1 1 2 0 0 0 1 1 4 2 1 1 5 14 14 15
1 18 1 1 4 2 0 0 1 0 1 1 1 0 4 2 2 1 0 14 17 17
0 15 0 1 2 2 3 3 1 0 1 0 1 0 4 4 3 2 2 14 11 12
1 17 0 1 1 2 1 1 1 0 0 0 1 0 3 1 3 1 6 9 9 10
1 18 1 1 2 1 0 0 2 0 1 0 1 1 4 4 4 1 10 12 10 11
0 20 0 1 1 1 0 0 2 1 1 0 0 1 4 4 3 2 12 8 11 10
1 16 1 0 2 1 3 3 1 0 0 1 1 1 5 3 4 1 2 12 13 12
1 15 1 1 1 2 0 0 1 0 0 0 1 1 2 3 4 2 6 11 11 11
0 17 0 1 4 1 3 3 1 0 0 0 1 1 4 2 3 1 1 13 14 14
1 17 1 1 2 1 1 1 2 3 1 1 0 0 4 5 1 1 0 9 9 10
1 17 1 1 2 2 0 0 1 0 1 0 1 1 4 2 2 1 4 14 13 13
1 18 1 1 3 4 1 1 1 0 0 1 1 1 4 3 3 1 6 16 16 17
1 21 0 1 1 1 0 0 2 2 1 1 0 1 5 3 3 5 15 9 10 10
1 16 1 1 1 1 0 0 1 0 0 0 1 0 3 4 4 3 4 10 11 11
1 17 0 1 3 1 2 2 2 0 1 0 1 0 3 1 2 1 0 18 19 19
1 17 1 1 3 3 3 3 1 0 1 1 1 1 4 3 4 2 6 11 13 14
1 15 1 1 4 4 2 2 2 0 1 1 1 0 4 3 1 1 2 15 15 15
0 17 0 1 4 4 3 3 2 0 1 1 1 0 4 3 3 1 2 12 12 12
1 18 1 1 1 1 1 1 2 0 0 1 1 0 5 4 4 1 0 12 13 13
1 15 1 1 4 3 2 2 1 0 0 1 1 1 4 4 4 2 0 13 12 12
0 18 0 1 4 4 3 3 3 0 1 1 1 1 2 5 5 1 5 12 13 14
1 16 1 1 4 4 0 0 1 0 1 1 1 0 5 3 3 1 0 15 13 13
1 18 1 1 1 1 0 0 1 2 0 0 0 1 2 3 5 2 0 11 9 0
1 16 1 1 2 2 0 0 1 0 0 0 0 0 4 3 5 2 0 9 10 11
1 15 1 0 3 2 1 1 1 0 1 0 1 0 4 2 2 1 0 15 16 17
1 17 1 0 2 1 0 0 3 0 1 0 1 0 3 2 2 1 8 11 10 11
1 16 1 1 4 3 2 2 1 0 0 1 1 0 4 2 2 1 2 17 17 17
1 16 1 1 1 0 2 2 2 0 1 1 1 1 4 3 2 1 0 16 17 18
0 15 0 1 3 3 0 0 2 0 0 0 1 0 4 1 3 1 0 14 16 16
0 19 1 1 1 1 3 3 2 1 0 0 0 0 5 5 5 2 0 5 0 0
1 19 1 1 3 3 1 1 1 0 1 1 1 0 4 3 5 3 15 11 12 12
0 18 0 1 3 2 0 0 1 1 0 0 0 0 2 3 1 2 0 4 0 0
0 15 0 1 2 1 1 1 2 0 0 0 0 0 1 3 4 1 0 6 8 9
1 15 1 1 4 2 2 2 1 0 1 1 1 0 5 3 3 1 4 15 15 15
1 17 1 1 1 1 0 0 1 0 0 0 1 1 4 3 2 1 10 10 9 10
1 17 1 0 4 3 0 0 1 0 1 0 1 1 5 2 2 1 14 15 14 17
1 17 1 1 4 4 2 2 1 0 1 1 1 1 4 5 5 1 0 13 13 13
0 16 1 1 2 1 0 0 1 0 1 1 1 0 5 3 3 1 0 14 13 14
1 17 1 1 3 3 2 2 1 0 0 1 1 0 4 3 5 3 0 17 18 17
0 15 1 1 2 2 2 2 3 0 0 0 1 0 4 3 3 1 1 13 12 13
1 15 1 1 1 2 0 0 1 0 0 0 1 0 3 2 3 1 0 14 14 14
1 16 1 1 2 4 0 0 2 0 1 1 1 1 4 2 2 1 2 14 12 13
1 16 0 1 2 2 2 2 2 0 1 1 1 0 5 3 5 1 6 13 13 13
0 16 1 1 4 4 0 0 1 0 1 1 1 1 4 3 1 1 0 13 12 13
1 16 1 1 2 1 0 0 1 0 0 1 1 1 4 2 3 1 0 13 14 16
1 15 1 0 4 4 2 2 1 0 1 1 1 1 1 3 3 5 0 11 12 12
0 15 0 1 3 3 0 0 2 0 1 0 1 0 5 4 4 2 4 10 10 11
0 16 0 1 2 2 0 0 2 0 1 1 1 1 5 4 3 2 6 7 8 8
1 18 1 1 2 1 1 1 1 0 0 1 1 0 5 2 4 1 2 16 16 16
1 16 1 1 4 4 2 2 1 0 1 0 1 1 4 4 2 1 0 16 16 17
1 15 1 1 4 2 1 1 1 0 1 0 1 0 4 3 3 2 4 11 12 13
0 18 1 1 1 1 0 0 2 0 0 1 1 0 1 1 1 1 6 11 12 9
0 15 1 1 2 2 0 0 2 0 1 1 1 0 5 3 2 1 0 12 13 14
0 17 0 1 1 1 0 0 2 0 1 1 0 1 3 5 5 2 3 10 11 10
1 17 1 0 4 1 1 1 2 0 0 1 1 1 4 5 4 2 15 11 11 10
0 16 1 0 2 2 1 1 1 0 1 0 0 0 4 3 4 1 6 7 7 8
1 18 1 1 4 2 1 1 1 0 1 1 1 1 4 3 2 1 2 15 16 16
1 17 1 1 4 4 0 0 1 0 1 1 1 0 5 4 4 1 0 13 12 13
1 17 1 1 2 3 2 2 1 0 1 0 1 0 5 3 3 1 0 10 11 11
1 18 1 1 4 4 1 1 1 0 1 0 1 1 1 4 2 2 0 18 18 17
1 15 1 1 2 2 0 0 1 0 1 0 1 0 5 1 2 1 4 10 10 10
1 15 0 1 3 4 0 0 1 0 1 1 1 0 4 3 2 1 2 11 12 12
0 16 1 1 4 4 0 0 2 0 1 0 1 1 5 3 5 1 1 10 11 12
1 17 1 1 4 3 2 2 1 0 0 1 1 1 3 2 3 1 0 14 12 12
1 15 1 1 4 4 3 3 1 0 1 1 1 0 4 4 4 1 2 13 12 12
1 17 1 1 4 3 2 2 1 0 0 0 1 1 3 4 5 2 15 11 9 10
0 16 0 1 2 1 1 1 1 0 1 0 1 1 5 4 3 1 2 10 8 8
1 17 0 1 3 2 0 0 2 2 1 0 1 1 4 4 4 1 4 7 6 8
1 15 0 1 2 2 2 2 1 0 1 1 1 0 4 3 1 1 8 14 13 12
1 15 1 1 4 4 0 0 1 0 1 1 1 1 4 3 3 1 4 13 14 15
1 16 1 0 4 4 2 2 1 0 1 0 1 0 4 1 3 3 6 9 9 10
0 18 1 1 1 2 1 1 2 0 1 0 1 0 4 1 4 5 8 10 11 11
1 18 1 1 2 2 2 2 1 0 0 0 1 0 5 4 2 1 6 15 14 15
0 15 0 1 1 2 0 0 2 0 0 0 1 0 5 1 2 1 3 11 13 13
0 17 0 1 2 2 3 3 3 1 1 0 1 0 1 3 5 3 2 10 8 9
1 17 0 0 1 4 0 0 4 1 1 0 1 0 5 5 4 1 14 9 9 8
0 17 0 1 3 1 2 2 1 0 1 1 1 0 4 5 4 2 10 8 9 9
1 19 0 1 3 2 1 1 1 0 1 0 1 1 5 3 4 2 0 11 10 10
0 15 0 1 4 4 0 0 2 0 0 0 1 1 1 5 1 3 0 13 14 14
1 16 1 1 4 3 0 0 1 0 0 1 1 0 5 4 5 1 7 14 14 15
0 17 0 1 2 2 3 3 2 0 0 0 1 0 5 1 3 1 0 11 9 11
1 17 1 0 3 3 2 2 1 0 1 0 1 1 3 3 3 1 10 12 13 14
1 19 1 1 1 1 0 0 3 0 0 1 0 1 1 5 5 4 12 10 10 11
1 18 1 1 2 2 2 2 1 0 1 1 0 0 4 4 4 1 11 9 11 12
0 16 0 1 1 1 1 1 4 0 1 0 1 0 4 3 2 1 0 13 10 13
0 18 0 1 2 2 3 3 2 0 0 0 1 0 5 3 3 1 0 14 17 15
0 19 0 1 1 1 0 0 2 1 1 0 1 1 4 3 3 1 4 7 8 9
0 15 1 1 3 1 1 1 2 0 1 0 1 0 3 2 3 1 0 10 9 11
0 16 0 1 2 2 1 1 3 0 1 1 1 1 4 3 2 1 0 14 14 16
0 18 0 1 1 0 0 0 3 1 1 0 1 0 4 3 2 1 0 12 12 13
0 17 1 1 3 1 0 0 2 0 0 0 1 0 2 4 5 3 6 10 10 10
1 17 0 1 4 2 0 0 1 0 1 1 1 0 4 3 4 1 2 11 12 14
1 16 1 1 4 4 1 1 1 0 1 1 1 0 5 3 2 1 4 15 16 16
1 16 1 1 4 4 0 0 1 0 0 1 1 0 5 3 2 1 4 14 15 15
0 15 1 1 2 1 1 1 1 0 1 0 1 0 4 4 2 3 0 9 10 9
0 17 1 1 4 1 0 0 1 0 1 0 1 1 3 2 2 1 0 8 10 9
0 16 0 1 2 1 2 2 2 0 0 1 1 0 5 2 1 1 0 8 7 0
0 18 0 1 1 3 0 0 2 0 1 0 1 0 3 3 4 2 0 8 10 9
1 17 1 1 4 3 0 0 2 0 0 1 1 0 4 4 4 4 0 10 11 11
1 17 1 0 3 2 2 2 1 0 1 0 1 0 4 4 4 1 10 16 18 18
0 18 1 0 1 2 2 2 2 0 0 0 1 0 4 4 3 1 0 12 13 14
0 19 1 1 2 1 0 0 2 3 0 1 0 1 4 4 3 1 4 8 9 9
0 17 1 1 1 1 0 0 1 0 1 0 1 1 4 3 3 1 0 11 11 10
1 16 1 0 2 2 2 2 1 0 1 0 1 0 3 3 4 1 0 13 13 13
1 15 1 0 4 4 0 0 1 0 0 1 1 0 5 5 3 1 4 13 14 14
0 18 1 1 1 1 2 2 2 0 0 0 1 0 2 3 5 1 8 9 8 10
0 15 1 0 2 1 0 0 1 0 0 1 1 0 4 3 3 1 11 12 13 12
0 16 0 1 2 3 0 0 2 0 0 0 1 0 4 5 2 1 0 16 17 17
0 16 0 1 2 2 0 0 3 0 1 0 1 0 4 4 5 1 4 9 10 11
1 16 1 1 1 1 1 1 2 0 1 0 1 0 4 3 2 1 2 12 13 13
1 17 0 1 1 2 2 2 1 3 0 0 1 0 2 2 2 3 14 9 8 10
1 18 1 1 3 3 1 1 1 0 1 0 1 0 3 2 4 2 10 10 10 10
0 18 0 1 1 1 3 3 1 1 1 0 1 1 4 3 2 1 9 7 7 7
1 17 0 1 2 4 0 0 1 0 1 0 1 1 4 4 3 1 0 15 15 15
1 16 1 1 3 3 1 1 1 0 0 1 1 1 4 2 3 1 0 11 12 13
1 19 1 1 3 3 2 2 1 0 1 1 1 0 4 3 3 1 4 12 12 12
0 16 0 1 1 2 0 0 1 0 0 0 1 0 4 4 4 2 4 9 10 11
0 17 0 0 2 1 2 2 2 0 0 1 1 1 5 3 3 1 5 11 11 12
1 17 0 1 2 2 2 2 1 0 1 0 1 0 5 3 2 1 15 13 13 13
1 18 1 1 3 2 2 2 1 0 1 0 1 1 4 3 4 1 5 14 17 17
0 18 0 1 4 2 1 1 2 1 0 0 1 0 5 4 3 4 0 7 7 0
1 18 0 1 3 3 0 0 1 0 1 0 1 1 4 3 3 1 8 10 9 10
0 16 1 0 3 2 0 0 2 2 1 1 1 1 2 5 5 1 8 5 5 7
1 16 1 1 2 3 0 0 2 0 1 0 1 1 3 2 3 2 4 13 12 13
1 15 1 1 1 1 3 3 1 0 0 0 1 0 4 3 2 2 6 12 13 12
1 18 0 1 3 2 2 2 2 0 1 1 1 0 5 4 2 1 0 14 15 15
1 19 1 1 2 1 2 2 1 0 0 0 1 0 5 3 4 1 10 7 11 11
1 18 1 1 3 3 1 1 1 0 1 0 1 0 5 3 3 1 4 14 14 15
0 17 0 1 2 2 2 2 2 0 1 1 1 0 5 3 2 1 0 15 17 17
1 18 0 1 4 4 2 2 2 0 0 1 1 0 4 3 4 2 8 10 11 12
1 17 1 1 3 3 1 1 1 0 0 1 1 0 3 2 3 1 2 15 12 13
1 18 1 1 3 1 0 0 2 0 0 1 1 1 3 3 4 4 2 11 11 12
0 17 1 1 0 1 0 0 2 0 0 1 1 0 2 4 4 3 5 9 9 10
1 17 1 1 4 4 0 0 1 0 1 0 1 1 4 2 1 1 0 13 13 13
0 18 1 1 4 4 2 2 1 0 1 1 1 0 5 4 5 1 3 17 17 17
0 16 1 0 1 2 3 3 1 0 0 0 1 0 4 4 3 1 0 10 11 11
1 16 1 1 1 2 0 0 1 0 0 0 0 0 5 3 5 1 4 12 11 11
1 15 1 1 4 4 0 0 1 0 1 1 1 0 4 2 2 1 2 13 13 13
1 15 1 1 4 2 0 0 1 0 0 0 1 0 3 3 3 1 0 11 9 10
1 15 1 1 2 3 0 0 1 0 1 1 1 1 3 2 2 1 0 11 11 12
0 17 0 1 3 2 0 0 1 1 0 0 1 1 4 5 4 1 0 10 10 10
0 18 1 1 2 3 0 0 2 0 1 0 1 1 5 2 3 1 0 10 10 10
1 17 1 1 1 1 2 2 1 0 1 0 1 0 4 3 3 1 0 13 13 14
1 17 1 1 3 3 2 2 1 0 1 1 1 1 5 3 3 2 15 14 13 14
1 18 1 1 1 2 1 1 2 0 0 0 0 0 3 4 4 2 10 10 10 11
0 19 1 0 1 1 0 0 1 0 1 0 0 0 1 4 4 1 0 6 8 7
0 18 0 1 4 4 2 2 2 0 0 0 1 0 5 4 4 1 0 15 17 17
1 16 0 1 4 3 2 2 2 0 1 1 1 0 3 3 3 1 6 9 11 11
0 17 1 1 3 2 1 1 2 0 0 0 1 1 4 3 3 2 5 9 11 11
1 16 1 1 4 4 2 2 1 0 1 0 1 0 4 5 2 1 0 11 10 11
1 17 0 1 1 3 0 0 3 1 1 1 1 0 5 2 4 1 14 12 11 11
1 18 1 1 4 3 2 2 1 0 1 0 1 0 4 3 3 1 0 16 17 17
0 16 1 1 4 4 3 3 1 0 1 0 1 0 4 1 2 2 0 11 12 12
0 18 0 0 1 2 0 0 3 0 0 0 1 1 4 3 4 1 0 16 15 15
1 17 1 1 2 3 0 0 2 0 0 0 1 0 5 2 2 1 2 9 12 13
1 16 0 1 1 1 2 2 2 0 1 1 1 1 3 3 3 1 8 12 11 11
1 17 0 1 2 1 0 0 1 0 0 0 1 0 4 4 2 2 0 12 12 13
1 15 1 1 3 4 1 1 1 0 0 0 1 0 5 5 5 3 2 9 9 9
1 15 0 1 3 4 0 0 2 0 1 0 1 1 4 2 2 2 0 10 11 12
0 16 1 1 2 2 3 3 4 0 0 0 1 0 5 1 3 2 0 10 9 10
1 18 0 1 1 1 2 2 2 0 1 1 1 0 5 2 2 1 2 17 17 18
0 17 1 1 2 2 0 0 1 1 0 1 1 1 1 2 1 2 0 7 0 0
1 17 0 1 1 1 1 1 2 0 0 0 1 1 4 3 3 1 2 13 14 15
1 16 1 1 1 2 2 2 1 0 0 1 1 0 4 4 3 1 0 13 13 10
1 15 0 1 2 2 2 2 2 0 1 0 1 0 4 1 3 1 0 11 10 11
0 16 0 1 2 3 0 0 3 0 1 0 1 0 4 5 4 1 2 15 15 15
1 18 1 1 3 3 0 0 2 1 0 0 0 0 4 1 1 1 14 8 7 7
0 16 1 1 4 4 0 0 1 0 1 0 1 1 4 3 4 1 4 8 8 8
0 18 1 1 4 4 3 3 2 0 0 0 1 1 4 2 2 2 0 15 16 16
1 16 1 1 4 2 1 1 1 0 0 0 1 1 4 2 3 1 0 17 17 18
1 18 1 1 2 2 1 1 1 0 0 1 1 1 4 3 3 1 0 10 9 12
0 18 1 1 1 2 0 0 2 0 1 0 0 0 4 1 1 1 0 11 11 12
0 16 0 1 3 4 3 3 3 0 1 0 1 0 4 2 1 1 2 7 9 8
1 18 1 1 3 2 3 3 1 0 0 0 1 1 5 4 3 2 4 14 16 17
0 17 1 1 1 1 0 0 1 0 1 1 1 0 4 3 2 1 9 7 9 10
0 18 1 1 4 4 2 2 2 0 0 1 1 0 4 3 5 1 0 18 18 18
1 16 0 1 3 3 2 2 1 0 1 1 1 0 4 3 2 3 0 11 10 10
1 18 1 1 4 2 2 2 1 0 1 1 1 1 5 4 5 1 4 10 12 14
1 17 1 0 4 2 0 0 1 0 1 1 1 0 4 3 2 1 4 15 14 14
1 18 1 1 2 2 0 0 1 1 1 0 1 1 5 3 1 1 15 9 8 10
1 17 0 1 2 2 0 0 2 0 1 1 1 0 4 5 2 1 0 12 13 13
0 18 1 0 1 2 0 0 2 2 1 0 1 0 4 3 3 1 2 6 8 8
0 17 1 1 1 1 3 3 3 0 0 0 1 1 5 1 3 3 0 10 10 10
0 18 1 1 3 3 0 0 1 0 1 0 1 1 5 3 4 1 0 10 10 10
1 17 1 1 4 4 2 2 1 0 1 1 1 0 4 4 4 1 0 11 9 10
0 16 0 1 2 2 0 0 2 0 1 1 1 0 4 4 4 1 0 12 12 12
1 17 1 1 2 3 1 1 2 0 1 0 1 0 3 3 3 1 4 12 13 13
1 15 0 1 1 1 0 0 3 1 0 1 1 1 5 5 5 1 2 8 9 9
0 16 0 0 2 2 0 0 1 0 0 0 1 1 3 3 2 1 2 8 10 10
1 15 1 1 4 3 1 1 1 0 1 1 1 0 5 4 3 1 0 14 14 14
0 17 0 1 2 1 0 0 3 0 1 1 0 1 5 5 3 1 2 9 10 11
0 17 0 0 3 1 0 0 2 0 1 0 0 0 4 2 3 2 5 8 7 8
1 16 1 0 3 3 1 1 1 0 1 0 1 0 2 3 5 1 6 13 12 13
1 16 1 1 2 1 0 0 1 0 1 0 1 1 4 3 5 1 0 13 12 12
1 18 1 1 1 1 1 1 1 0 1 0 1 0 4 4 3 2 4 11 12 14
1 17 1 1 2 3 0 0 2 0 0 1 1 1 4 2 1 1 2 11 12 14
1 16 1 1 3 4 0 0 3 1 1 1 1 0 3 4 5 2 4 9 9 10
0 20 1 1 3 3 3 3 2 1 0 1 1 1 3 3 4 2 8 11 9 10
1 17 1 1 3 2 0 0 1 0 0 1 1 0 5 4 2 1 4 14 14 15
0 15 1 1 3 3 2 2 1 0 1 1 1 0 5 3 3 1 0 11 11 11
1 16 1 1 4 2 1 1 2 0 1 1 1 0 5 3 3 1 2 13 14 14
1 17 1 1 1 1 2 2 1 0 0 0 1 0 4 3 3 1 0 12 12 12
1 17 1 1 3 3 0 0 1 0 1 1 1 0 4 2 5 2 2 11 12 11
1 19 1 0 1 1 0 0 3 2 1 0 1 1 5 3 4 1 2 8 8 9
1 18 1 1 4 3 0 0 1 0 1 1 1 1 4 3 4 1 2 14 15 17
0 17 0 1 2 3 0 0 2 0 1 0 1 0 5 5 5 1 2 10 11 12
1 16 1 1 1 3 0 0 1 1 0 0 0 0 5 3 3 1 2 9 8 8
1 17 1 1 1 1 0 0 1 0 1 1 1 1 4 3 2 1 10 11 10 10
1 17 1 1 1 1 2 2 1 0 1 1 1 1 4 3 4 1 12 12 12 12
0 18 1 1 1 1 1 1 2 0 0 0 1 1 3 3 2 1 2 14 13 14
1 17 0 1 1 1 0 0 2 0 0 1 1 0 4 3 3 1 4 15 14 15
1 17 1 1 1 1 0 0 1 0 1 0 1 0 4 4 4 1 0 14 15 15
1 15 0 1 3 4 0 0 4 0 1 0 1 1 5 3 3 1 2 12 11 11
1 18 1 1 3 3 1 1 1 0 0 1 1 0 5 3 4 1 8 10 11 12
0 17 0 1 1 1 3 3 1 1 1 0 0 0 5 4 4 2 0 6 6 7
1 16 1 1 2 3 1 1 2 0 0 0 1 0 5 3 3 1 0 13 12 12
1 15 1 1 1 1 1 1 1 0 1 1 1 0 4 3 2 2 2 13 12 12
1 15 0 1 1 1 2 2 1 0 1 0 1 1 3 3 4 2 2 13 11 11
1 17 1 1 3 2 1 1 1 0 1 0 1 1 4 3 2 2 0 12 13 15
1 15 1 1 3 2 1 1 1 1 1 0 1 0 3 3 2 1 2 11 11 11
0 19 1 1 2 2 1 1 1 0 0 0 1 1 5 4 5 1 0 12 13 13
1 18 1 1 2 1 0 0 4 0 1 1 1 1 4 3 2 4 2 9 10 11
1 17 0 1 2 1 0 0 2 1 0 1 0 1 3 3 2 2 8 8 8 9
1 15 1 0 3 4 1 1 1 0 0 1 1 1 5 3 2 1 0 10 11 11
1 17 1 1 2 4 0 0 1 0 0 1 1 1 4 3 2 1 8 14 15 16
1 16 1 1 2 2 1 1 1 0 0 0 1 0 4 4 4 1 0 13 12 13
1 16 1 0 4 1 1 1 1 0 0 1 1 1 5 3 3 1 0 14 13 13
1 17 1 1 2 2 0 0 1 0 1 1 1 0 4 3 3 1 0 12 12 13
0 16 1 0 2 2 2 2 2 0 0 1 0 1 1 2 1 1 4 10 9 11
1 16 1 0 3 1 0 0 1 0 1 0 1 0 2 3 3 2 2 11 11 12
1 18 1 0 2 4 0 0 2 1 1 0 1 0 4 3 3 1 15 10 10 10
0 17 1 0 3 2 2 2 2 0 0 0 1 1 1 2 3 1 0 15 14 15
0 16 0 1 1 2 1 1 1 0 1 0 1 1 4 3 4 1 5 13 14 13
1 17 0 1 4 4 3 3 1 0 1 0 1 0 5 2 1 1 6 12 11 11
1 16 0 1 2 1 0 0 2 0 0 1 1 0 3 3 2 1 2 14 13 12
1 15 1 1 1 2 1 1 1 0 1 1 1 0 4 3 2 1 0 14 13 14
1 15 1 1 2 2 1 1 1 0 1 1 1 0 5 5 4 1 6 14 13 13
0 17 0 1 1 2 0 0 1 0 0 1 1 0 3 5 5 1 4 7 8 9
1 17 1 1 3 2 0 0 1 3 1 1 1 0 5 5 5 2 2 8 8 7
1 16 1 1 3 3 2 2 2 0 1 1 1 0 4 4 5 1 0 14 14 15
1 16 1 1 1 1 1 1 2 0 1 0 1 0 3 4 2 1 2 9 9 9
0 18 1 0 1 1 0 0 1 0 0 0 1 1 5 2 3 1 2 8 10 11
0 16 1 1 3 1 0 0 1 0 0 1 1 0 3 1 3 1 0 8 6 8
1 16 1 1 3 1 2 2 1 0 0 1 1 0 5 3 2 2 0 13 13 14
1 16 1 1 4 3 3 3 1 0 0 1 1 1 1 3 2 1 4 14 15 15
1 16 1 1 4 4 3 3 1 0 1 1 1 1 5 4 5 1 2 15 15 14
1 17 1 1 2 1 2 2 1 0 1 1 1 0 4 3 5 2 4 12 16 16
1 15 1 0 2 1 0 0 4 0 0 0 1 0 4 5 5 2 0 12 11 11
