1.000000
 0.000000
 -0.428571
 1.000000
 1.000000
 1.000000
 1.000000
 0.500000
 -1.000000
 0.333333
 -1.000000
 0.000000
 1.000000
 0.000000
 1.000000
 1.000000
 1.000000
 1.000000
 1.000000
 0.500000
 0.500000
 0.000000
 -1.000000
 0.000000
 0.500000
 0.000000
 1.000000
 0.000000
 0.000000
 0.000000
 0.000000
 0.000000
 0.000000
 0.000000
 1.000000
 0.000000
 0.000000
 1.000000
 0.000000
 0.000000
 1.000000
 0.000000
 -1.000000
 0.222222
 0.333333
 0.000000
 0.000000
 -0.714286
 0.000000
 1.000000
 1.000000
 0.000000
 0.000000
 0.333333
 -0.333333
 -1.000000
 0.000000
 1.000000
 0.000000
 0.000000
 1.000000
 1.000000
 1.000000
 0.000000
 0.500000
 0.500000
 1.000000
 -1.000000
 -1.000000
 0.500000
 0.000000
 0.000000
 0.000000
 0.000000
 1.000000
 0.000000
 0.000000
 0.000000
 0.000000
 1.000000
 1.000000
 0.000000
 0.000000
 0.000000
 0.000000
 1.000000
 0.000000
 -0.466667
 0.000000
 0.111111
 1.000000
 1.000000
 -0.428571
 1.000000
 1.000000
 1.000000
 0.500000
 0.500000
 -1.000000
 -0.333333
 -1.000000
 0.000000
 1.000000
 0.000000
 1.000000
 1.000000
 1.000000
 1.000000
 1.000000
 0.500000
 0.000000
 0.500000
 -0.500000
 0.000000
 0.500000
 0.000000
 0.000000
 1.000000
 0.000000
 0.000000
 0.000000
 0.000000
 1.000000
 0.000000
 0.000000
 0.000000
 0.000000
 0.000000
 1.000000
 0.000000
 1.000000
 0.000000
 -0.200000
 0.222222
 0.444444
 1.000000
 1.000000
 -0.714286
 1.000000
 0.000000
 1.000000
 0.000000
 0.000000
 -1.000000
 -0.333333
 -1.000000
 0.000000
 0.000000
 0.000000
 0.000000
 1.000000
 1.000000
 1.000000
 0.000000
 0.500000
 0.500000
 0.500000
 -1.000000
 -1.000000
 0.000000
 0.000000
 0.000000
 0.000000
 0.000000
 1.000000
 0.000000
 0.000000
 0.000000
 0.000000
 1.000000
 0.000000
 1.000000
 0.000000
 0.000000
 0.000000
 1.000000
 0.000000
 -1.000000
 0.444444
 0.333333
 1.000000
 0.000000
 -0.142857
 1.000000
 1.000000
 1.000000
 0.000000
 0.500000
 -1.000000
 0.333333
 -1.000000
 0.000000
 1.000000
 0.000000
 0.000000
 1.000000
 1.000000
 1.000000
 0.000000
 0.500000
 0.000000
 0.000000
 -1.000000
 -0.500000
 0.000000
 1.000000
 0.000000
 0.000000
 0.000000
 0.000000
 0.000000
 0.000000
 0.000000
 0.000000
 1.000000
 1.000000
 0.000000
 0.000000
 0.000000
 0.000000
 1.000000
 0.000000
 -1.000000
 0.222222
 0.333333
 1.000000
 1.000000
 -1.000000
 1.000000
 0.000000
 1.000000
 -0.500000
 0.000000
 -0.333333
 -1.000000
 -1.000000
 0.000000
 0.000000
 0.000000
 1.000000
 1.000000
 1.000000
 0.000000
 0.000000
 0.500000
 0.500000
 0.500000
 -0.500000
 0.500000
 1.000000
 0.000000
 0.000000
 0.000000
 0.000000
 1.000000
 0.000000
 0.000000
 0.000000
 0.000000
 1.000000
 1.000000
 0.000000
 0.000000
 0.000000
 0.000000
 1.000000
 0.000000
 -0.733333
 -0.111111
 0.000000
 1.000000
 0.000000
 -0.428571
 1.000000
 1.000000
 1.000000
 0.000000
 0.000000
 -1.000000
 -0.333333
 -1.000000
 0.000000
 1.000000
 0.000000
 0.000000
 1.000000
 1.000000
 0.000000
 1.000000
 0.500000
 -0.500000
 -0.500000
 -1.000000
 -1.000000
 0.000000
 0.000000
 0.000000
 0.000000
 0.000000
 1.000000
 0.000000
 0.000000
 0.000000
 0.000000
 1.000000
 1.000000
 0.000000
 0.000000
 0.000000
 0.000000
 1.000000
 0.000000
 -0.466667
 0.555556
 0.444444
 