0.217116
0.578969
0.444960
0.393933
0.742398
0.696570
0.606651
0.507165
0.383928
0.307371
0.120692
0.137952
0.207401
0.250657
0.552357
0.723507
0.706386
0.580746
0.672953
0.655614
0.578804
0.547739
0.264390
0.271352
0.623181
0.156931
0.097625
0.146427
0.175423
0.422303
0.166944
-0.019829
0.294753
0.122372
0.434469
0.264642
0.258375
0.224625
0.251067
0.236154
0.643563
0.118993
0.265034
1.334452
3.585075
0.293216
0.915590
0.447568
0.206328
0.699475
0.636518
0.465409
0.212598
0.169867
0.095614
0.600846
0.113871
0.157216
0.291275
0.814424
0.881656
0.476547
0.508768
0.820934
1.070198
0.833246
0.607858
0.403569
0.377537
0.809991
0.448240
-0.063421
0.050626
0.102121
0.456611
-0.034773
0.047609
0.322346
-0.083338
0.742333
0.168856
0.334732
0.223819
0.266770
0.288388
0.658191
0.047598
0.044003
-0.484562
-2.197276
-0.474315
0.769382
0.289941
0.137621
1.133296
0.767893
0.784234
0.406162
0.020986
-0.084897
0.433298
-0.017752
-0.473661
0.310445
0.440367
0.827511
0.615892
0.655325
0.726947
1.006181
0.792890
0.465379
0.105336
0.251260
0.719313
-0.020586
0.041155
0.166578
0.213627
0.595169
-0.063669
0.078366
0.526856
0.012169
0.442220
0.036014
0.191795
0.303043
0.465090
0.297875
1.367855
-0.669789
-0.513678
-0.245764
-1.946815
-1.014341
-0.736764
1.068679
1.759323
1.649787
1.285603
-0.368183
-0.277215
0.536222
0.403428
0.750264
-0.168189
1.973664
-0.129908
-0.883457
1.509518
1.185127
1.413617
1.929196
-1.337387
-1.017584
1.146918
1.894392
-0.559013
-1.075874
-0.342975
-0.086527
-0.322106
-0.124148
1.868463
-0.090888
-0.012368
-0.329492
-0.072823
1.498278
1.912141
-0.513195
-0.233189
-0.173049
-0.304064
-1.300986
2.597757
1.877756
-0.274649
-0.377990
