0.179894
0.593800
0.500305
0.406146
0.812357
0.842937
0.637195
0.488435
0.362978
0.296012
-0.071789
-0.072607
0.066969
0.145857
0.563344
0.740212
0.834541
0.656385
0.732412
0.730288
0.552933
0.508232
0.102203
0.253826
0.623073
0.113924
0.074656
0.115344
0.136119
0.537528
0.142055
-0.096113
0.345186
0.079571
0.506873
0.227756
0.223916
0.244062
0.281838
0.172577
0.760564
0.044431
0.158404
1.614261
3.781096
0.180339
0.593651
0.500316
0.406617
0.812745
0.842746
0.637799
0.488748
0.362573
0.295834
-0.071926
-0.072778
0.067022
0.146239
0.563522
0.740786
0.834997
0.656893
0.732844
0.730412
0.553167
0.508281
0.102125
0.253763
0.623160
0.113920
0.074741
0.115699
0.136168
0.537002
0.141784
-0.096080
0.345223
0.079712
0.506891
0.227989
0.223645
0.244023
0.281873
0.172329
0.760926
0.044275
0.158140
1.614347
3.780708
-0.191205
0.835543
0.441019
0.251334
1.041428
0.952693
0.621718
0.219748
0.053974
-0.017356
0.353770
-0.264815
-0.272584
0.151125
0.589371
0.912073
0.701117
0.732357
0.922585
1.068697
0.680247
0.541208
0.208776
0.209350
0.685174
0.138704
-0.046582
0.042899
0.086423
0.760152
-0.145599
0.004829
0.472312
-0.099061
0.749114
0.117900
0.163122
0.288151
0.412422
0.150667
1.054893
-0.223965
-0.335661
-0.496627
-2.941416
