0.188209
-0.074774
0.264304
0.278942
0.325557
0.449583
0.330057
0.205209
0.005365
0.173285
-0.660020
-0.507889
-0.263949
-0.058674
0.171514
0.202931
0.719956
0.470421
0.389606
0.354596
0.048911
0.113415
-0.248965
-0.039141
0.092080
-0.186224
0.046519
0.017829
0.011929
0.299726
-0.010025
-0.164951
0.050731
0.056164
0.257861
0.040935
0.014111
0.106214
0.028519
-0.053433
0.373270
-0.130058
-0.207442
1.440121
2.453477
0.114489
0.653662
0.244427
0.220010
0.638725
0.623064
0.457862
0.167856
0.128331
0.048606
0.258735
-0.014960
-0.058904
0.148092
0.389126
0.501130
0.390939
0.479004
0.633317
0.796135
0.489533
0.489442
0.326435
0.203276
0.479274
-0.021589
0.032231
0.087513
0.037429
0.651123
0.010137
0.113917
0.267382
-0.010907
0.406177
-0.069037
0.241105
0.210068
0.404570
0.144465
0.619333
0.022909
-0.022964
-0.031718
-1.908904
-0.468365
0.883392
0.142155
-0.125752
0.280907
0.589668
-0.034674
0.003277
0.411481
0.058618
0.275930
0.134608
-0.093158
-0.095719
0.206118
0.126100
-0.124292
-0.113780
0.151641
0.368690
0.376834
0.428926
0.052280
0.043872
0.462574
-0.231112
-0.002291
-0.284004
-0.011575
0.924370
0.164055
-0.003863
0.160053
-0.113336
0.188478
-0.461062
0.355358
0.209492
0.291600
0.018228
0.388780
-0.011620
0.338865
0.116375
2.280326
0.793116
0.330419
0.485476
0.661212
1.039306
0.780381
0.897769
0.417551
-0.015482
0.163911
-0.301800
-0.340405
0.008932
0.166157
0.579095
0.915921
1.224549
1.172051
1.178957
1.029785
0.598081
0.486734
0.257434
0.376588
0.559976
0.030593
-0.018733
0.405686
-0.002284
0.290371
-0.143472
-0.077270
0.325513
0.005131
0.595731
0.273705
0.063265
0.048829
0.319834
0.055425
0.721616
-0.071408
-0.156056
0.760210
1.616935
