-0.015792
0.059042
0.014794
0.001312
0.035960
0.017431
0.004494
-0.003423
0.008425
-0.017594
0.067407
0.033553
0.016906
0.015558
0.032246
0.037362
-0.026209
0.012641
0.039206
0.022451
0.042325
0.035226
0.037697
0.031872
0.038836
0.017299
-0.007181
0.002804
-0.003173
0.009467
-0.005145
0.010293
0.007151
-0.008202
0.015119
0.004222
0.005535
-0.007316
0.016776
-0.000579
0.019128
0.000668
0.014250
-0.097521
-0.145256
-0.037500
0.175625
0.048673
0.014545
0.116583
0.067619
0.024138
-0.000463
0.028052
-0.044757
0.194033
0.094836
0.054730
0.045082
0.099696
0.122316
-0.058925
0.048465
0.121240
0.077812
0.131046
0.110687
0.110044
0.097208
0.121805
0.053935
-0.019563
0.011447
-0.007283
0.035639
-0.014232
0.029474
0.026810
-0.022827
0.054950
0.020601
0.020033
-0.017047
0.050590
0.001869
0.070717
0.001590
0.042512
-0.263905
-0.400383
0.148008
-0.292462
-0.037864
0.075199
-0.104983
0.024947
0.060385
0.089335
-0.023016
0.139785
-0.371391
-0.196812
-0.044795
-0.082054
-0.127631
-0.092940
0.266413
0.023736
-0.159647
-0.026313
-0.166220
-0.128710
-0.198238
-0.140097
-0.143155
-0.068579
0.048285
0.010417
0.032964
0.004453
0.031761
-0.056499
0.003763
0.050880
-0.002365
0.033779
-0.005814
0.074561
-0.074986
0.028009
0.006823
-0.007292
-0.068164
0.654159
0.922565
-0.038430
0.182493
0.050835
0.015708
0.121676
0.071159
0.025680
0.000063
0.029323
-0.046075
0.201236
0.098253
0.057112
0.046771
0.103799
0.127707
-0.060151
0.050958
0.126240
0.081465
0.136448
0.115343
0.114222
0.101145
0.126914
0.056184
-0.020226
0.012067
-0.007450
0.037460
-0.014725
0.030557
0.028171
-0.023629
0.057661
0.021867
0.021026
-0.017457
0.052599
0.002142
0.074261
0.001632
0.044179
-0.272710
-0.414197
-0.037720
0.177227
0.049176
0.014813
0.117768
0.068439
0.024494
-0.000343
0.028348
-0.045067
0.195716
0.095635
0.055285
0.045477
0.100652
0.123570
-0.059217
0.049043
0.122405
0.078660
0.132305
0.111771
0.111020
0.098126
0.122995
0.054459
-0.019719
0.011591
-0.007322
0.036062
-0.014347
0.029727
0.027126
-0.023015
0.055579
0.020893
0.020263
-0.017144
0.051058
0.001932
0.071539
0.001600
0.042901
-0.265969
-0.403617
-0.039867
0.193651
0.054382
0.017678
0.130023
0.077035
0.028267
0.000994
0.031413
-0.048155
0.212878
0.103761
0.061012
0.049501
0.110492
0.136546
-0.061992
0.055087
0.134398
0.087483
0.145257
0.122951
0.120990
0.107560
0.135261
0.059858
-0.021288
0.013096
-0.007707
0.040478
-0.015517
0.032305
0.030424
-0.024918
0.062143
0.023989
0.022672
-0.018089
0.055865
0.002613
0.080127
0.001698
0.046887
-0.286793
-0.436366
0.103665
-0.230062
-0.036277
0.043920
-0.096023
-0.000121
0.032177
0.057064
-0.021149
0.100700
-0.286240
-0.149782
-0.043002
-0.063989
-0.106665
-0.090752
0.185114
0.002411
-0.131933
-0.036368
-0.139097
-0.109759
-0.154187
-0.113433
-0.121770
-0.056913
0.035704
0.003637
0.022705
-0.005434
0.024013
-0.043717
-0.003898
0.038274
-0.014973
0.017097
-0.008056
0.051372
-0.060713
0.017745
-0.013130
-0.004916
-0.054200
0.485468
0.691548
-0.032112
0.140177
0.037788
0.009180
0.090863
0.050329
0.016814
-0.002594
0.021689
-0.037479
0.156413
0.076867
0.042689
0.036278
0.078728
0.095117
-0.051419
0.036226
0.095713
0.059601
0.103449
0.087003
0.088334
0.077036
0.095796
0.042477
-0.016031
0.008432
-0.006297
0.026712
-0.011613
0.023802
0.020126
-0.018588
0.041566
0.014575
0.015145
-0.014667
0.040241
0.000672
0.053268
0.001354
0.033910
-0.216764
-0.327010
