1.113121
-0.253977
0.135892
0.941677
0.311001
0.867133
0.531977
0.910880
0.332234
0.614460
-0.585943
0.210949
1.258869
-0.319263
0.316469
1.039962
1.258703
0.431603
-0.210020
0.279411
0.292197
0.327560
-0.221972
0.371260
0.625034
0.429217
0.065880
0.405948
0.049742
-0.032124
0.188614
-0.091756
0.133478
0.129331
0.558995
0.627408
0.217343
0.279090
-0.205179
0.181262
0.374628
0.362772
0.605134
2.927390
4.278807
0.213179
0.331248
0.769163
0.590595
1.227530
1.130600
0.753147
0.391758
0.308513
0.307690
-1.036187
-0.746890
-0.353252
-0.007325
0.439980
0.878457
1.571668
0.968285
0.989069
1.155639
0.463364
0.367257
-0.304786
0.068798
0.559436
-0.080880
0.010921
0.237037
-0.044117
0.802972
0.079816
-0.319270
0.463727
0.006083
0.695578
0.271420
0.225024
0.130060
0.299429
0.056891
0.954167
-0.085124
-0.116814
3.019369
5.669119
0.434063
0.374091
0.618905
0.789994
0.869862
1.033853
0.867410
0.551035
0.108927
0.156823
-0.627391
-0.502955
0.185538
0.078152
0.623143
1.019020
1.378994
0.948664
0.685953
1.095473
0.631340
0.659929
-0.044937
0.158884
0.746841
0.025619
0.014864
0.490412
0.021082
0.376997
0.029009
-0.187161
0.285535
0.017070
0.784520
0.361817
0.026793
0.399442
0.140920
-0.012219
1.001071
-0.059879
-0.063142
2.057294
3.431467
0.305012
0.810121
0.252403
0.694507
0.731887
0.817885
0.391103
0.194493
0.406676
0.012236
0.647261
0.111353
0.051795
0.109183
0.195512
0.790319
0.382167
0.268208
0.645236
0.488410
0.473181
0.471881
0.266853
0.248157
0.418028
0.454385
0.001045
0.014918
0.069138
0.390409
-0.045296
0.104258
0.104847
-0.029206
0.795293
0.589551
0.071553
0.000378
0.268413
0.114760
0.947016
-0.131881
0.030757
-0.657049
-1.911166
0.256132
0.796893
0.061729
0.099040
0.550826
0.679782
0.408638
0.378402
0.310044
0.189117
0.851303
0.522927
0.574625
0.034613
0.573593
0.688240
0.202045
0.429455
0.065819
0.415553
0.534245
0.373740
0.360012
0.393530
0.567423
0.282017
0.018029
-0.072341
0.171742
0.516736
0.032220
0.171115
0.284787
-0.018931
0.446992
0.266982
0.156168
0.389606
0.103427
0.201566
0.644385
0.070232
0.319844
-0.997662
-0.599894
0.304454
0.669117
0.527244
0.552661
0.094986
0.635871
0.212177
0.192612
0.123379
-0.309201
1.130585
0.062952
0.035266
0.048393
-0.165616
0.947415
-0.407641
0.874501
1.271008
0.454405
0.880889
1.259421
0.404586
0.715459
0.833632
-0.045124
0.013317
0.058675
0.063374
0.870860
-0.025204
0.140846
-0.019102
-0.023525
0.888087
0.579522
-0.010478
-0.102995
0.495051
-0.039900
1.039416
-0.038415
0.070901
-0.766361
-2.496291
-0.207644
1.054916
0.150280
-0.221111
1.349286
0.907813
0.840485
0.317597
0.148094
0.261240
0.238007
0.100288
0.056599
0.275974
1.153664
0.575314
1.018433
0.621667
0.019305
1.150444
0.514617
-0.029508
0.293213
-0.021176
0.450485
0.196184
-0.001708
-0.041053
0.121844
0.700535
-0.052114
0.061158
0.668401
-0.042712
0.341069
-0.129671
0.239183
0.710803
0.155486
0.270049
0.794238
-0.088485
-0.088591
-0.402404
-1.558252
