-0.049928
0.018232
0.077047
0.010093
0.035995
0.087411
0.021765
0.027982
0.059548
0.047604
-0.168155
-0.068801
-0.017392
-0.068749
0.014837
0.023931
0.063363
0.007192
0.030058
-0.016703
0.004986
0.017540
-0.102281
0.002283
0.027922
-0.012869
-0.006143
-0.022923
-0.022364
0.073227
0.036754
-0.075403
0.005681
0.000426
0.041471
-0.008936
0.043103
-0.003051
-0.022188
-0.035720
0.040874
0.003774
0.049207
0.563251
1.490842
0.050367
0.254319
0.089889
0.156901
0.313154
0.285937
0.222145
0.125671
0.039144
0.034350
0.247733
0.041601
0.039334
0.099891
0.213774
0.320846
0.206236
0.240012
0.291276
0.364215
0.250416
0.224529
0.194061
0.117645
0.249385
0.075787
0.014319
0.063130
0.062830
0.198631
-0.032223
0.090813
0.135119
-0.003763
0.224752
0.075844
0.091677
0.114014
0.133162
0.094676
0.323343
-0.003321
-0.042599
-0.403964
-1.492498
0.125863
0.105006
0.225550
0.240771
0.326154
0.363520
0.257306
0.206584
0.092149
0.137518
-0.291840
-0.139175
0.042246
-0.065436
0.206629
0.329919
0.430923
0.295985
0.252932
0.229378
0.163642
0.153552
-0.103659
0.101753
0.246037
-0.014520
0.000003
0.064288
0.008347
0.168779
0.042065
-0.116892
0.094296
-0.005226
0.212653
0.093944
0.052175
0.056705
0.024072
-0.029381
0.291794
-0.035517
0.057333
1.077205
2.556283
0.052980
0.251118
0.085234
0.154542
0.315290
0.284606
0.226435
0.129017
0.039622
0.039370
0.242337
0.043996
0.047005
0.102006
0.218492
0.320867
0.215031
0.236595
0.279243
0.368452
0.247596
0.217495
0.195124
0.113167
0.247083
0.077578
0.014922
0.065611
0.063794
0.192436
-0.032400
0.091754
0.139394
-0.003883
0.219478
0.072112
0.095086
0.119084
0.128061
0.099398
0.315668
-0.000724
-0.039542
-0.404163
-1.492297
