-0.078952
1.659584
0.120166
-0.413819
0.016688
1.141653
-0.109844
-0.067378
0.623393
0.001838
0.668774
0.541816
-0.497695
-0.140874
0.557899
0.514411
-0.410077
-0.508088
-0.049755
0.642203
0.622660
0.374923
0.602137
0.118829
1.369579
0.219480
-0.067280
0.023417
0.015190
0.809090
0.295679
0.151824
0.136602
-0.096572
0.512363
-0.261944
0.223828
0.538303
0.499710
0.109185
0.673054
0.217658
0.754473
0.003771
0.501101
0.622328
-0.235612
0.732744
0.947067
1.195875
1.458185
0.867066
0.764638
0.168999
0.568219
-1.597162
-0.926301
-0.016189
-0.337331
0.396160
1.119926
2.061809
1.070833
0.690818
0.898871
0.279088
0.439583
-0.674825
0.212085
0.608922
-0.097471
0.001218
0.211324
0.089974
0.794740
0.092858
-0.484294
0.379749
0.080234
0.931239
0.444566
0.191692
0.247315
0.116212
-0.062743
1.236606
-0.174077
-0.129020
4.626489
8.076181
0.015748
0.829615
0.431120
-0.028699
0.916500
0.903673
0.684122
0.246730
0.244478
-0.106322
0.716964
0.016057
0.381747
0.247413
0.447611
0.730169
0.614156
1.046898
0.829321
1.024874
0.853566
0.690815
0.270155
0.399119
0.407406
0.016810
0.012267
-0.110858
-0.030128
1.111718
-0.123688
0.075757
0.462473
-0.085825
0.671092
0.165914
0.232622
0.247015
0.354258
0.168283
1.015436
-0.183910
0.018730
-0.280545
-2.512947
0.022913
0.468137
0.496628
-0.071359
1.023285
0.811226
0.839878
0.414334
0.294636
0.008597
0.978308
0.064656
1.298585
0.275668
0.363540
0.653352
0.777785
1.499269
0.747978
0.789136
0.886462
0.721843
0.075146
0.590787
-0.042988
0.086360
0.062697
-0.384772
0.035738
1.199922
-0.197401
0.054432
0.585939
-0.061300
0.618274
0.409960
0.361952
0.135835
0.092197
0.250671
1.081771
-0.332497
0.044191
-0.354151
-1.369590
-0.187592
0.884242
0.250248
0.189072
0.783895
0.647631
0.383673
0.200846
0.236454
-0.000518
0.837260
0.520856
0.036273
0.359201
0.683284
0.859516
0.040312
0.247421
0.555324
0.750551
0.648502
0.599241
0.454213
0.286441
0.868010
0.271902
-0.032294
0.150670
0.050498
0.559067
0.014140
0.184644
0.269499
-0.030688
0.562247
0.092287
0.015239
0.290713
0.601603
0.119357
0.898040
-0.017555
0.080954
-1.097297
-2.381383
0.596001
0.775592
0.714078
0.710865
1.263554
1.087609
1.004123
0.362026
0.043933
-0.055216
-0.936227
-0.886931
-1.230084
0.292193
0.495607
0.955363
1.652887
1.292800
1.785546
1.727643
0.795712
0.799135
0.163982
0.046856
0.790181
-0.500664
0.033759
0.608017
-0.074882
0.933647
-0.010264
-0.189676
0.366459
0.014444
0.818913
-0.007875
0.088949
0.279423
0.639378
0.054035
0.880656
0.065185
-0.304497
1.812501
2.675918
