0.087419
0.889933
0.385750
0.269513
0.708733
0.700682
0.462591
0.294496
0.314434
-0.015915
0.662629
0.292037
0.267590
0.266769
0.516071
0.752242
0.350625
0.494782
0.760462
0.799706
0.764684
0.712468
0.528957
0.505007
0.713211
0.314390
-0.038983
0.138634
0.007983
0.576101
0.078807
0.116262
0.309394
-0.025431
0.519092
0.204281
0.277153
0.132890
0.383801
0.203888
0.640477
0.153759
0.318071
-0.247901
-0.725191
0.146658
0.875748
0.393457
0.295316
0.710575
0.708578
0.489891
0.330988
0.320944
0.020543
0.613768
0.273744
0.284843
0.265522
0.526695
0.760722
0.414782
0.521765
0.772262
0.802285
0.760620
0.709378
0.517586
0.504149
0.715010
0.065621
-0.247273
-0.062555
-0.184277
0.381221
-0.110565
-0.109865
0.084927
-0.227716
0.315956
-0.060691
0.016748
-0.109004
0.105684
-0.160235
0.312793
-0.199822
0.343793
-0.121973
0.086793
-0.276079
0.923240
0.402907
0.145333
0.684261
0.711335
0.262366
0.135323
0.404717
-0.104222
0.774426
0.356952
0.220895
0.142229
0.445120
0.705054
0.018422
0.295862
0.677143
0.612040
0.764158
0.685627
0.448994
0.535091
0.724491
0.544571
-0.018566
0.097368
-0.083935
0.458681
0.075076
0.099787
0.416467
-0.067943
0.474732
0.284103
0.316899
-0.030224
0.427341
0.292160
0.497271
0.208687
0.326048
-0.467793
-0.890536
0.716787
1.198730
0.178965
0.317705
0.935405
1.020626
0.504572
0.152411
0.235030
0.007655
-0.246041
-0.131345
-0.839334
0.120505
0.428337
0.962599
0.874121
0.636455
1.118917
1.409491
0.710757
0.779064
0.590323
0.250050
0.895880
-0.649563
-0.218632
0.350041
-0.315932
0.537573
-0.070091
-0.200084
-0.087538
-0.225909
0.287110
-0.498594
-0.248033
-0.068413
0.518527
-0.302794
0.132313
-0.126031
0.097987
0.518288
-0.471670
-0.287839
-0.278307
1.051768
0.299075
1.661151
1.229242
1.566267
0.584929
-0.028418
0.128958
-1.159377
-1.863291
-0.645989
0.229251
0.951872
0.375676
1.872342
2.609737
1.939152
1.713932
0.849020
0.751013
-0.885422
-0.361638
-0.128612
-0.781639
0.020814
-0.349187
-0.002843
2.069799
-0.492744
-0.323653
0.166425
0.102943
1.503973
0.249382
0.034292
0.503291
0.169978
0.017752
1.858081
-0.918889
-1.094217
2.439395
3.276176
0.793594
1.250599
0.126084
0.339283
0.879543
1.040204
0.419998
0.136569
0.274185
0.052440
-0.367275
-0.091849
-1.019516
0.083161
0.396428
0.961132
0.842228
0.475543
1.065942
1.374650
0.650518
0.768442
0.641632
0.227091
1.015485
-0.409395
0.047098
0.706371
-0.024096
0.677533
0.284030
0.042740
0.129590
0.058843
0.482308
-0.203265
0.057653
0.264712
0.878411
0.126904
0.449505
0.421101
0.203195
0.619984
0.622336
0.156684
0.348053
0.693643
0.292800
1.136407
0.737002
1.219659
0.647417
0.250571
0.077178
0.731206
-0.156214
1.582506
0.433553
0.693491
0.767549
1.126086
1.869848
1.272949
0.979223
1.073813
0.745236
-0.206335
0.499024
-0.201614
0.015384
0.067879
-0.395461
-0.122927
1.429383
-0.350762
0.008950
0.586201
-0.125096
0.874964
0.369428
0.440190
0.115647
0.068993
0.214926
1.362332
-0.583001
-0.216650
0.356226
0.376612
