1.000000
1.000000
0.428571
1.000000
0.000000
1.000000
0.250000
0.250000
0.000000
0.000000
0.666667
0.000000
0.000000
0.000000
0.000000
1.000000
0.000000
1.000000
1.000000
0.250000
0.500000
1.000000
0.250000
1.000000
0.750000
0.000000
0.000000
0.000000
0.000000
1.000000
0.000000
0.000000
0.000000
0.000000
1.000000
1.000000
0.000000
0.000000
0.000000
0.000000
1.000000
0.000000
0.000000
0.611111
0.500000
1.000000
1.000000
0.142857
1.000000
1.000000
1.000000
0.750000
0.250000
0.333333
1.000000
0.000000
0.000000
1.000000
0.000000
0.000000
1.000000
1.000000
1.000000
0.000000
0.750000
0.500000
0.250000
0.000000
0.000000
1.000000
0.000000
0.000000
0.000000
0.000000
1.000000
0.000000
0.000000
0.000000
0.000000
1.000000
0.000000
0.000000
1.000000
0.000000
1.000000
0.000000
0.000000
0.133333
0.722222
0.611111
1.000000
0.000000
0.285714
0.000000
1.000000
1.000000
0.500000
0.250000
0.333333
0.333333
0.000000
0.000000
1.000000
0.000000
1.000000
1.000000
1.000000
1.000000
0.000000
0.750000
0.250000
1.000000
0.000000
0.250000
1.000000
1.000000
0.000000
0.000000
0.000000
0.000000
0.000000
0.000000
1.000000
0.000000
0.000000
0.000000
0.000000
1.000000
0.000000
0.000000
1.000000
0.000000
0.000000
0.611111
0.555556
1.000000
0.000000
0.428571
1.000000
0.000000
1.000000
0.750000
0.750000
0.000000
1.000000
0.000000
0.000000
1.000000
0.000000
0.000000
1.000000
1.000000
1.000000
0.000000
1.000000
0.500000
0.500000
0.000000
0.000000
0.000000
0.000000
0.000000
1.000000
0.000000
0.000000
0.000000
0.000000
1.000000
0.000000
0.000000
0.000000
1.000000
0.000000
0.000000
0.000000
1.000000
0.000000
0.266667
0.777778
0.777778
1.000000
1.000000
0.428571
1.000000
0.000000
0.000000
0.750000
1.000000
0.000000
0.333333
0.000000
0.000000
0.000000
0.000000
1.000000
1.000000
1.000000
1.000000
1.000000
0.750000
0.500000
1.000000
0.000000
0.750000
0.250000
0.000000
0.000000
0.000000
0.000000
1.000000
0.000000
0.000000
0.000000
0.000000
1.000000
0.000000
0.000000
1.000000
0.000000
0.000000
0.000000
1.000000
0.600000
0.722222
0.777778
1.000000
1.000000
0.285714
1.000000
0.000000
1.000000
0.250000
0.250000
0.333333
0.000000
0.333333
0.000000
1.000000
0.000000
1.000000
1.000000
1.000000
1.000000
0.000000
0.750000
0.750000
0.750000
0.000000
0.250000
1.000000
0.000000
1.000000
0.000000
0.000000
0.000000
0.000000
0.000000
0.000000
0.000000
1.000000
1.000000
0.000000
0.000000
0.000000
0.000000
1.000000
0.000000
0.000000
0.500000
0.555556
1.000000
0.000000
0.000000
1.000000
1.000000
0.000000
0.750000
0.750000
0.000000
1.000000
0.000000
1.000000
0.000000
0.000000
0.000000
1.000000
1.000000
0.000000
0.000000
0.750000
0.500000
0.500000
0.000000
0.000000
0.750000
0.000000
0.000000
0.000000
0.000000
1.000000
0.000000
1.000000
0.000000
0.000000
0.000000
0.000000
0.000000
1.000000
0.000000
1.000000
0.000000
0.000000
0.666667
0.555556
0.555556
0.000000
1.000000
0.142857
1.000000
0.000000
1.000000
0.500000
0.500000
1.000000
0.666667
0.000000
0.000000
0.000000
0.000000
0.000000
1.000000
1.000000
0.000000
0.000000
1.000000
0.000000
0.500000
0.250000
0.250000
0.500000
0.000000
0.000000
1.000000
0.000000
0.000000
0.000000
0.000000
1.000000
0.000000
0.000000
0.000000
0.000000
0.000000
1.000000
0.000000
1.000000
0.000000
0.000000
0.555556
0.500000
0.000000
0.000000
0.428571
1.000000
1.000000
0.000000
0.500000
1.000000
0.000000
0.333333
0.333333
0.000000
1.000000
0.000000
0.000000
1.000000
1.000000
1.000000
0.000000
0.250000
0.500000
0.250000
0.000000
0.500000
0.000000
0.000000
0.000000
0.000000
0.000000
1.000000
0.000000
0.000000
1.000000
0.000000
0.000000
0.000000
0.000000
1.000000
0.000000
1.000000
0.000000
0.000000
0.533333
0.444444
0.277778
1.000000
0.000000
0.000000
1.000000
1.000000
1.000000
0.250000
0.250000
0.000000
0.333333
0.000000
0.000000
1.000000
0.000000
0.000000
1.000000
1.000000
1.000000
0.000000
0.750000
0.750000
0.250000
0.000000
0.250000
1.000000
0.000000
0.000000
0.000000
0.000000
1.000000
0.000000
0.000000
1.000000
0.000000
0.000000
1.000000
0.000000
0.000000
0.000000
1.000000
0.000000
0.000000
0.000000
0.666667
0.666667
