0.334119
0.977958
0.292003
0.488113
0.203579
0.603344
0.046853
0.163984
0.290669
-0.102954
1.279593
0.613145
0.461258
0.012053
0.206582
1.017427
-0.602973
0.498073
0.934794
0.335545
0.812731
1.059085
0.513553
0.699749
0.860009
0.333511
-0.036078
0.178397
-0.018693
0.542827
0.097363
0.223962
0.152979
-0.014716
0.540376
0.396004
0.141316
0.018083
0.444561
0.156687
0.715595
0.127683
0.390602
-0.970354
-0.911228
1.570474
-0.881186
0.634649
1.486253
0.950526
1.844096
1.345645
1.175439
-0.027692
0.947163
-2.549572
-1.695441
-0.004542
-0.228957
0.105025
0.993803
3.099893
1.790437
0.431119
1.174080
0.073357
0.305170
-1.127582
-0.174697
0.227065
-0.593192
0.291813
0.180808
0.353253
0.765248
0.029130
-0.581439
0.269362
0.122153
1.158725
0.856203
-0.022905
0.416717
-0.252084
-0.215382
1.561764
-0.348451
-0.421319
5.893320
8.069381
1.937845
-0.538413
-0.047693
1.461460
0.471276
1.302097
0.979268
1.362061
0.159730
1.239958
-1.727943
-0.441977
1.246093
-0.447235
0.534789
0.969615
2.312010
0.884454
-0.515639
0.578571
-0.123345
0.056501
-0.613361
0.019282
0.357110
0.121462
0.227158
0.529838
0.139974
-0.020333
0.079058
-0.196085
0.199142
0.388439
0.527545
0.553712
0.178352
0.571367
-0.305331
0.245982
0.614953
0.137165
0.131247
4.287096
6.183407
0.167912
1.092297
0.226516
0.244911
0.543589
0.592413
0.330618
0.256075
0.353446
0.051065
1.016364
0.607558
0.441651
0.120608
0.585670
0.808451
-0.092411
0.361883
0.538035
0.533395
0.733948
0.658442
0.575090
0.546662
0.771907
0.336367
-0.093062
0.111330
-0.059665
0.391509
0.004916
0.125132
0.242317
-0.072104
0.386218
0.129402
0.169521
0.102797
0.284759
0.154598
0.482306
0.049574
0.361722
-0.920492
-0.286400
-0.212335
1.316362
0.224561
-0.123877
1.047700
0.636546
0.697003
0.252353
0.359643
0.079020
0.765869
0.479070
0.181617
0.302470
0.998031
0.575884
0.508840
0.301943
0.237223
0.899838
0.748187
0.225865
0.647252
0.368926
0.679947
0.423807
-0.044624
0.085628
0.030908
0.504206
-0.017029
0.118741
0.520955
-0.082997
0.460255
-0.006639
0.350408
0.333326
0.322829
0.312919
0.591827
0.095178
0.230216
-1.088303
-0.886170
